====================================
2017-11-23 00:57
Captain's score: 3
Captain - matches won: [2, 3, 5]
====================================
2017-11-23 00:58
Captain's score: 1
Captain - matches won: [1]
====================================
2017-11-23 01:06
Captain's score: 2
Captain - matches won: [1, 2]
====================================
2017-11-23 01:06
Captain's score: 1
Captain - matches won: [1]
====================================
2017-11-23 01:10
Captain's score: 2
Captain - matches won: [1, 2]
====================================
2017-11-23 01:18
Captain's score: 2
Captain - matches won: [1, 2]
Total boats placed:
(8,16): 1
(10,11): 1
(16,13): 1
====================================
2017-11-23 01:26
Captain's score: 25
Captain - matches won: [1, 2, 3, 4, 5, 7, 8, 9, 11, 13, 14, 15, 16, 17, 18, 19, 20, 21, 23, 24, 25, 26, 27, 28, 29]
Total boats placed:
(1,1): 3
(1,2): 2
(1,3): 1
(1,4): 1
(1,5): 1
(1,6): 3
(1,7): 1
(1,8): 2
(1,9): 1
(1,10): 1
(1,11): 1
(1,12): 1
(1,14): 2
(1,16): 1
(1,17): 2
(1,18): 3
(1,19): 2
(1,20): 4
(2,1): 1
(2,3): 2
(2,4): 1
(2,5): 1
(2,11): 2
(2,13): 1
(2,14): 1
(2,15): 2
(2,16): 1
(2,17): 1
(2,18): 2
(2,19): 2
(2,20): 3
(3,4): 3
(3,5): 2
(3,6): 2
(3,8): 2
(3,10): 1
(3,11): 1
(3,15): 1
(3,16): 1
(3,17): 1
(3,18): 1
(3,19): 3
(3,20): 1
(4,3): 1
(4,4): 1
(4,5): 2
(4,9): 1
(4,10): 1
(4,11): 1
(4,15): 1
(4,16): 1
(4,17): 5
(5,3): 1
(5,5): 1
(5,6): 1
(5,11): 1
(5,12): 1
(5,13): 1
(5,16): 3
(5,17): 1
(5,18): 1
(5,19): 2
(5,20): 2
(6,4): 1
(6,5): 2
(6,6): 2
(6,7): 1
(6,8): 1
(6,9): 2
(6,11): 1
(6,12): 1
(6,13): 1
(6,15): 1
(6,16): 1
(6,17): 1
(6,18): 2
(6,19): 2
(7,5): 2
(7,6): 1
(7,7): 1
(7,8): 1
(7,11): 2
(7,14): 1
(7,16): 1
(7,17): 1
(7,18): 3
(7,19): 2
(7,20): 1
(8,4): 1
(8,5): 1
(8,7): 1
(8,9): 1
(8,10): 1
(8,11): 3
(8,12): 1
(8,13): 1
(8,16): 1
(8,17): 1
(8,18): 3
(8,19): 1
(9,1): 1
(9,5): 2
(9,6): 1
(9,8): 1
(9,9): 1
(9,11): 1
(9,12): 2
(9,16): 4
(9,17): 1
(9,18): 3
(9,19): 3
(10,1): 1
(10,2): 2
(10,3): 1
(10,4): 1
(10,5): 1
(10,6): 1
(10,7): 2
(10,8): 2
(10,9): 2
(10,10): 1
(10,11): 2
(10,13): 2
(10,17): 1
(10,18): 1
(10,19): 1
(10,20): 1
(11,1): 1
(11,2): 1
(11,3): 1
(11,4): 1
(11,5): 2
(11,8): 1
(11,9): 2
(11,10): 2
(11,11): 1
(11,12): 1
(11,13): 1
(11,14): 1
(11,15): 2
(11,16): 2
(11,18): 1
(11,19): 1
(12,1): 1
(12,5): 1
(12,7): 1
(12,9): 1
(12,11): 2
(12,12): 2
(12,14): 1
(12,15): 1
(12,16): 1
(13,2): 1
(13,6): 1
(13,7): 1
(13,8): 2
(13,9): 2
(13,10): 1
(13,11): 3
(13,14): 1
(13,19): 1
(14,1): 1
(14,2): 1
(14,3): 2
(14,6): 4
(14,7): 2
(14,8): 3
(14,9): 2
(14,10): 2
(14,11): 2
(14,12): 1
(14,13): 2
(14,14): 1
(14,15): 1
(14,17): 1
(14,18): 1
(15,1): 3
(15,2): 1
(15,3): 1
(15,4): 1
(15,6): 1
(15,7): 1
(15,8): 1
(15,9): 3
(15,10): 3
(15,11): 3
(15,12): 2
(15,13): 2
(15,14): 1
(15,15): 3
(15,16): 2
(15,18): 1
(15,19): 4
(15,20): 2
(16,5): 1
(16,6): 2
(16,7): 1
(16,8): 1
(16,9): 4
(16,10): 3
(16,11): 1
(16,13): 1
(16,14): 1
(16,15): 1
(16,16): 2
(16,17): 1
(16,19): 1
(17,1): 1
(17,2): 2
(17,3): 1
(17,4): 3
(17,6): 1
(17,7): 2
(17,8): 1
(17,9): 1
(17,10): 3
(17,11): 2
(17,12): 1
(17,13): 1
(17,17): 2
(17,18): 1
(17,19): 1
(18,1): 1
(18,2): 3
(18,3): 3
(18,4): 2
(18,5): 1
(18,7): 1
(18,9): 2
(18,11): 2
(18,14): 2
(18,18): 1
(18,19): 2
(18,20): 1
(19,1): 2
(19,2): 2
(19,3): 1
(19,4): 2
(19,6): 1
(19,7): 2
(19,8): 1
(19,9): 1
(19,10): 2
(19,11): 1
(19,13): 2
(19,14): 1
(19,15): 2
(19,16): 3
(19,17): 2
(19,18): 4
(19,19): 4
(19,20): 4
(20,1): 4
(20,2): 3
(20,3): 1
(20,7): 1
(20,8): 1
(20,9): 1
(20,11): 1
(20,15): 1
(20,16): 2
(20,17): 2
(20,18): 5
(20,19): 5
(20,20): 8
====================================
2017-11-23 01:35
Captain's score: 9
Captain - matches won: [1, 2, 4, 6, 7, 8, 9, 10, 12]
Total boats placed:
(1,16): 1
(1,20): 1
(2,2): 1
(2,10): 1
(2,12): 1
(2,17): 1
(3,15): 1
(3,18): 1
(4,5): 1
(4,15): 1
(5,4): 1
(5,13): 1
(6,3): 1
(6,5): 1
(6,7): 1
(6,9): 2
(6,11): 1
(7,5): 1
(7,10): 1
(7,14): 1
(8,6): 2
(8,7): 1
(8,13): 1
(9,4): 1
(9,12): 1
(9,13): 1
(10,16): 1
(10,19): 1
(11,5): 1
(11,10): 1
(11,11): 1
(11,12): 1
(11,15): 1
(11,18): 1
(12,2): 1
(12,6): 2
(12,13): 1
(12,16): 1
(13,4): 1
(13,9): 2
(13,12): 1
(14,8): 1
(14,14): 1
(14,17): 1
(14,18): 1
(14,19): 2
(14,20): 2
(15,6): 1
(15,8): 1
(15,10): 1
(15,14): 1
(15,20): 1
(16,9): 1
(16,14): 1
(16,18): 3
(17,7): 1
(17,13): 1
(17,19): 1
(17,20): 1
(18,16): 1
(18,17): 1
(18,18): 2
(18,19): 1
(19,3): 1
(19,14): 2
(19,19): 1
(20,13): 1
(20,16): 1
====================================
2017-11-23 01:43
Captain's score: 9
Captain - matches won: [1, 2, 3, 4, 5, 6, 7, 8, 10]
Total boats placed:
(1,6): 1
(1,14): 1
(1,19): 1
(2,2): 2
(2,3): 1
(2,4): 1
(2,12): 1
(2,15): 1
(3,1): 1
(3,3): 2
(3,4): 2
(3,5): 2
(3,6): 1
(3,10): 1
(4,2): 1
(4,5): 1
(4,6): 1
(4,7): 1
(4,11): 1
(4,19): 1
(5,2): 1
(5,4): 1
(5,5): 1
(5,6): 1
(6,3): 1
(6,13): 1
(7,12): 1
(8,9): 1
(9,11): 1
(10,12): 1
(10,14): 1
(11,12): 1
(15,12): 1
(15,20): 1
(16,2): 1
(16,6): 1
(17,3): 1
(17,7): 1
(18,3): 1
(19,2): 1
(19,3): 1
(19,5): 1
(19,6): 1
(19,9): 1
(19,12): 1
(19,15): 1
(19,18): 1
(19,20): 1
(20,8): 1
(20,10): 1
(20,11): 1
====================================
2017-11-23 01:44
Captain's score: 2
Captain - matches won: [1, 2]
Total boats placed:
(4,18): 1
(13,4): 1
(17,4): 1
(17,17): 1
(18,8): 1
(20,20): 1
====================================
2017-11-23 01:44
Captain's score: 3
Captain - matches won: [1, 3, 4]
Total boats placed:
(2,19): 1
(4,12): 1
(7,12): 1
(7,14): 1
(8,9): 1
(11,12): 1
(12,11): 1
(13,14): 1
(17,11): 1
(18,14): 1
====================================
2017-11-23 02:00
Captain's score: 38
Captain - matches won: [1, 2, 3, 4, 5, 6, 7, 8, 9, 10, 11, 12, 13, 14, 15, 16, 17, 18, 19, 20, 21, 22, 23, 24, 25, 26, 27, 28, 29, 30, 31, 32, 33, 34, 35, 36, 37, 39]
Total boats placed:
(1,1): 2
(1,2): 3
(1,3): 1
(1,4): 1
(1,5): 1
(1,6): 2
(1,7): 3
(1,9): 3
(1,10): 2
(1,11): 3
(1,12): 2
(1,13): 1
(1,14): 3
(1,16): 2
(1,17): 1
(1,18): 2
(1,19): 3
(1,20): 4
(2,1): 1
(2,2): 2
(2,3): 2
(2,4): 2
(2,5): 2
(2,6): 4
(2,7): 4
(2,8): 2
(2,12): 1
(2,13): 1
(2,14): 1
(2,15): 1
(2,18): 1
(2,19): 2
(2,20): 2
(3,1): 1
(3,2): 2
(3,3): 3
(3,4): 1
(3,5): 4
(3,6): 2
(3,7): 4
(3,10): 1
(3,11): 2
(3,12): 1
(3,14): 2
(3,15): 2
(3,16): 2
(3,17): 2
(3,18): 4
(3,19): 4
(3,20): 2
(4,1): 1
(4,2): 1
(4,3): 4
(4,4): 3
(4,5): 3
(4,7): 1
(4,8): 4
(4,9): 3
(4,10): 1
(4,11): 3
(4,12): 2
(4,14): 2
(4,15): 3
(4,16): 3
(4,17): 3
(4,18): 3
(4,19): 3
(4,20): 2
(5,2): 3
(5,3): 1
(5,4): 3
(5,5): 2
(5,6): 2
(5,8): 2
(5,9): 2
(5,10): 2
(5,11): 2
(5,12): 1
(5,14): 1
(5,15): 3
(5,16): 1
(5,17): 1
(5,18): 2
(5,19): 2
(5,20): 3
(6,2): 2
(6,3): 3
(6,5): 3
(6,7): 2
(6,8): 2
(6,9): 6
(6,10): 3
(6,11): 1
(6,12): 1
(6,13): 1
(6,14): 4
(6,15): 3
(6,16): 5
(6,17): 1
(6,18): 2
(6,19): 1
(6,20): 2
(7,1): 1
(7,4): 1
(7,5): 3
(7,6): 2
(7,9): 2
(7,10): 1
(7,11): 3
(7,12): 3
(7,13): 2
(7,14): 2
(7,15): 2
(7,16): 3
(7,17): 1
(7,18): 2
(7,19): 1
(7,20): 3
(8,1): 1
(8,2): 1
(8,5): 5
(8,6): 2
(8,7): 1
(8,8): 1
(8,10): 1
(8,13): 2
(8,14): 1
(8,15): 2
(8,16): 1
(8,18): 2
(8,19): 3
(8,20): 2
(9,1): 1
(9,2): 1
(9,4): 1
(9,8): 1
(9,9): 2
(9,10): 1
(9,11): 2
(9,12): 2
(9,13): 3
(9,14): 1
(9,17): 2
(9,18): 1
(9,19): 5
(9,20): 2
(10,1): 2
(10,2): 3
(10,4): 2
(10,8): 3
(10,9): 2
(10,10): 2
(10,11): 3
(10,12): 1
(10,13): 1
(10,14): 2
(10,15): 2
(10,16): 1
(10,17): 1
(10,18): 2
(10,19): 5
(10,20): 4
(11,1): 1
(11,2): 1
(11,4): 2
(11,5): 3
(11,6): 3
(11,8): 2
(11,9): 2
(11,10): 3
(11,11): 2
(11,12): 1
(11,14): 2
(11,15): 1
(11,16): 1
(11,17): 1
(11,19): 4
(11,20): 2
(12,1): 1
(12,2): 2
(12,4): 1
(12,5): 2
(12,6): 2
(12,8): 2
(12,9): 2
(12,10): 3
(12,11): 2
(12,12): 2
(12,13): 1
(12,14): 2
(12,15): 1
(12,16): 1
(12,18): 5
(12,19): 4
(12,20): 2
(13,1): 1
(13,2): 1
(13,4): 1
(13,5): 2
(13,6): 1
(13,8): 1
(13,9): 3
(13,10): 2
(13,11): 2
(13,12): 3
(13,14): 1
(13,18): 3
(13,19): 3
(13,20): 3
(14,1): 3
(14,2): 1
(14,3): 2
(14,4): 3
(14,5): 4
(14,6): 2
(14,7): 1
(14,8): 3
(14,10): 1
(14,11): 2
(14,13): 1
(14,14): 1
(14,15): 1
(14,16): 1
(14,17): 3
(14,18): 3
(14,19): 3
(14,20): 2
(15,1): 1
(15,2): 1
(15,3): 1
(15,4): 4
(15,5): 4
(15,6): 2
(15,7): 2
(15,8): 1
(15,9): 2
(15,10): 1
(15,11): 1
(15,12): 3
(15,13): 1
(15,14): 4
(15,15): 3
(15,16): 3
(15,17): 4
(15,18): 4
(15,19): 6
(15,20): 2
(16,1): 1
(16,2): 1
(16,3): 2
(16,4): 3
(16,5): 3
(16,6): 3
(16,7): 2
(16,8): 2
(16,11): 1
(16,12): 1
(16,13): 3
(16,14): 3
(16,15): 2
(16,16): 4
(16,17): 3
(16,18): 3
(16,19): 6
(16,20): 3
(17,1): 1
(17,2): 2
(17,3): 4
(17,4): 3
(17,5): 2
(17,6): 4
(17,7): 2
(17,9): 2
(17,10): 2
(17,11): 2
(17,12): 2
(17,13): 2
(17,14): 4
(17,15): 2
(17,16): 1
(17,17): 3
(17,18): 2
(17,19): 5
(17,20): 3
(18,1): 2
(18,2): 3
(18,3): 5
(18,4): 5
(18,5): 4
(18,6): 2
(18,7): 1
(18,8): 2
(18,9): 1
(18,11): 2
(18,12): 2
(18,13): 6
(18,14): 5
(18,15): 4
(18,16): 4
(18,17): 4
(18,18): 5
(18,19): 5
(18,20): 5
(19,2): 2
(19,3): 2
(19,4): 4
(19,5): 2
(19,6): 1
(19,7): 1
(19,9): 1
(19,11): 4
(19,12): 3
(19,13): 5
(19,14): 3
(19,15): 2
(19,16): 3
(19,17): 4
(19,18): 4
(19,19): 4
(19,20): 3
(20,1): 3
(20,3): 1
(20,4): 1
(20,5): 2
(20,6): 1
(20,7): 3
(20,8): 2
(20,9): 2
(20,10): 3
(20,11): 2
(20,12): 2
(20,13): 3
(20,14): 3
(20,15): 2
(20,16): 4
(20,17): 4
(20,18): 3
(20,19): 2
(20,20): 4
====================================
2017-11-23 02:07
Captain's score: 11
Captain - matches won: [1, 2, 3, 4, 5, 6, 7, 8, 9, 10, 11]
AI's score: 1
AI - matches won: [12]
Total shots by AI:
(2,13): 1
(4,8): 1
(5,8): 1
(8,15): 1
(8,17): 1
(9,16): 1
(12,3): 1
(12,13): 1
(15,9): 1
(16,18): 1
(19,17): 1
(20,4): 1
Total boats placed:
(2,13): 1
(2,14): 1
(2,15): 1
(3,11): 1
(3,13): 1
(3,18): 2
(3,19): 2
(4,13): 1
(4,15): 2
(4,17): 2
(4,18): 2
(4,19): 2
(5,11): 2
(5,13): 2
(5,14): 1
(5,16): 1
(5,17): 3
(5,18): 3
(6,12): 1
(6,14): 1
(6,16): 2
(6,17): 3
(6,18): 2
(7,14): 1
(7,16): 2
(7,17): 2
(7,18): 1
(7,19): 1
(8,13): 1
(8,14): 1
(8,15): 3
(8,16): 1
(8,18): 1
(9,12): 1
(9,14): 1
(9,16): 1
(10,13): 1
(10,17): 1
(10,19): 1
(11,16): 2
(11,18): 1
(12,10): 1
(12,13): 1
(14,12): 1
(15,9): 1
(15,13): 1
(15,16): 1
(15,17): 1
(16,9): 1
(16,12): 1
(16,18): 1
(17,15): 1
(18,14): 1
(18,15): 1
(18,16): 1
(18,18): 1
(19,17): 1
====================================
2017-12-01 16:59
Captain's score: 2
Captain - matches won: [1, 2]
AI's score: 1
AI - matches won: [3]
Total shots by AI:
(6,13): 1
(18,11): 1
(20,19): 1
Total boats placed:
(6,13): 1
(8,18): 1
(11,7): 1
(12,13): 1
(17,16): 1
(19,3): 1
====================================
2017-12-01 17:01
Captain's score: 5
Captain - matches won: [1, 2, 3, 4, 5]
AI's score: 1
AI - matches won: [6]
Total shots by AI:
(7,5): 1
(9,7): 1
(15,7): 1
(17,4): 1
(17,11): 1
(20,6): 1
Total boats placed:
(3,6): 1
(7,2): 1
(8,8): 1
(9,4): 1
(9,7): 1
(10,5): 1
(10,14): 1
(11,4): 1
(11,5): 1
(11,8): 2
(12,5): 1
(12,6): 1
(12,8): 1
(13,7): 1
(13,11): 1
(13,12): 1
(14,15): 1
(16,11): 1
(16,12): 1
(17,9): 1
====================================
2017-12-01 17:03
Captain's score: 11
Captain - matches won: [1, 2, 3, 4, 5, 6, 7, 8, 9, 10, 11]
AI's score: 1
AI - matches won: [12]
Total shots by AI:
(1,11): 1
(3,9): 1
(5,3): 1
(5,6): 1
(6,20): 1
(11,20): 1
(15,7): 1
(16,11): 1
(17,14): 1
(18,14): 1
(20,17): 2
Total boats placed:
(1,5): 1
(1,6): 1
(1,9): 1
(1,11): 1
(1,16): 1
(2,1): 1
(2,2): 1
(2,3): 2
(2,5): 1
(2,6): 1
(2,7): 1
(2,10): 1
(2,14): 1
(2,15): 1
(2,17): 1
(4,3): 1
(4,5): 1
(4,14): 1
(5,3): 1
(5,6): 1
(5,7): 1
(5,18): 1
(6,11): 1
(7,2): 1
(7,8): 1
(7,11): 1
(7,15): 1
(7,17): 1
(8,9): 1
(9,9): 1
(9,11): 1
(9,18): 1
(10,3): 1
(10,11): 1
(10,12): 1
(10,20): 1
(11,14): 1
(12,2): 1
(12,18): 1
(13,2): 1
(13,9): 1
(13,19): 1
(14,2): 1
(14,6): 1
(15,6): 1
(15,9): 1
(16,4): 2
(16,10): 1
(16,11): 1
(17,10): 1
(17,14): 2
(18,1): 1
(18,2): 1
(18,7): 2
(18,12): 1
(19,1): 1
(19,2): 1
(19,10): 1
(19,14): 1
(19,18): 1
(19,20): 1
(20,2): 1
(20,7): 1
(20,9): 1
(20,10): 3
(20,12): 1
(20,14): 1
(20,16): 1
(20,17): 1
(20,18): 1
(20,19): 1
(20,20): 1
====================================
2017-12-01 17:20
Captain's score: 4
Captain - matches won: [1, 2, 3, 4]
AI's score: 1
AI - matches won: [5]
Total shots by AI:
(5,1): 1
(5,4): 1
(9,9): 1
(10,7): 1
(11,9): 1
Total boats placed:
(5,4): 2
(6,4): 1
(6,6): 1
(7,11): 1
(7,14): 1
(8,9): 1
(9,10): 1
(10,7): 1
(11,8): 1
(11,9): 1
(12,10): 1
(12,14): 1
(13,16): 1
(15,9): 1
