====================================
2017-12-01 16:27
Captain's score: 30
Captain - matches won: [1, 2, 3, 4, 5, 6, 7, 8, 9, 10, 11, 12, 13, 14, 15, 16, 17, 18, 19, 20, 21, 22, 23, 24, 25, 26, 27, 28, 29, 30]
AI's score: 1
AI - matches won: [31]
Total shots by AI:
(1,15): 1
(1,17): 1
(1,18): 1
(4,7): 1
(4,13): 1
(5,7): 2
(5,20): 1
(6,7): 1
(10,8): 1
(11,3): 2
(11,6): 1
(11,13): 1
(11,15): 1
(11,20): 1
(12,20): 1
(13,4): 1
(14,18): 1
(15,18): 1
(16,16): 1
(17,18): 1
(18,12): 1
(18,18): 2
(19,1): 1
(20,12): 2
(20,20): 3
Total boats placed:
(1,1): 8
(1,2): 3
(1,3): 2
(1,4): 3
(1,5): 1
(1,6): 2
(1,7): 1
(1,8): 2
(1,9): 2
(1,10): 3
(1,11): 3
(1,12): 2
(1,13): 3
(1,14): 2
(1,15): 2
(1,16): 2
(1,17): 2
(1,18): 2
(1,19): 4
(1,20): 14
(2,1): 3
(2,5): 1
(2,7): 1
(2,8): 1
(2,13): 3
(2,14): 2
(2,15): 1
(2,17): 1
(2,18): 1
(2,19): 3
(2,20): 3
(3,1): 2
(3,4): 1
(3,5): 1
(3,10): 1
(3,11): 1
(3,12): 1
(3,13): 1
(3,16): 1
(3,17): 1
(3,18): 2
(3,20): 4
(4,1): 2
(4,2): 1
(4,7): 1
(4,8): 1
(4,10): 1
(4,11): 1
(4,12): 2
(4,13): 1
(4,14): 1
(4,15): 3
(4,16): 2
(4,17): 2
(4,18): 3
(4,19): 3
(4,20): 4
(5,1): 1
(5,4): 1
(5,5): 2
(5,6): 2
(5,7): 1
(5,8): 1
(5,9): 1
(5,11): 1
(5,12): 1
(5,13): 1
(5,14): 1
(5,15): 3
(5,16): 1
(5,17): 1
(5,18): 2
(5,20): 4
(6,3): 1
(6,5): 3
(6,7): 2
(6,9): 1
(6,10): 1
(6,12): 2
(6,14): 1
(6,16): 2
(6,18): 1
(6,19): 2
(6,20): 3
(7,1): 2
(7,2): 1
(7,5): 2
(7,7): 1
(7,9): 1
(7,10): 2
(7,11): 4
(7,12): 2
(7,13): 1
(7,14): 1
(7,16): 1
(7,17): 1
(7,18): 1
(7,19): 1
(7,20): 5
(8,2): 1
(8,3): 1
(8,4): 2
(8,5): 2
(8,6): 1
(8,7): 1
(8,9): 1
(8,10): 2
(8,12): 2
(8,13): 3
(8,14): 1
(8,16): 3
(8,17): 1
(8,19): 3
(8,20): 1
(9,1): 1
(9,2): 1
(9,3): 1
(9,4): 1
(9,7): 1
(9,8): 1
(9,10): 2
(9,11): 2
(9,12): 3
(9,13): 3
(9,15): 1
(9,17): 2
(9,19): 2
(9,20): 2
(10,1): 1
(10,5): 3
(10,6): 1
(10,7): 3
(10,8): 2
(10,9): 2
(10,10): 2
(10,11): 1
(10,12): 5
(10,13): 1
(10,14): 1
(10,15): 1
(10,16): 1
(10,17): 1
(10,18): 2
(10,19): 1
(10,20): 4
(11,1): 2
(11,2): 1
(11,3): 2
(11,4): 2
(11,5): 1
(11,6): 2
(11,7): 2
(11,8): 2
(11,9): 3
(11,10): 7
(11,11): 2
(11,12): 2
(11,13): 2
(11,14): 3
(11,15): 2
(11,16): 1
(11,18): 2
(11,19): 1
(11,20): 1
(12,1): 1
(12,6): 1
(12,7): 1
(12,8): 1
(12,9): 1
(12,10): 2
(12,12): 3
(12,13): 3
(12,14): 2
(12,15): 1
(12,17): 1
(12,18): 2
(12,19): 1
(12,20): 3
(13,1): 2
(13,3): 1
(13,5): 2
(13,7): 1
(13,8): 1
(13,12): 1
(13,14): 1
(13,16): 1
(13,18): 1
(13,19): 1
(14,1): 2
(14,2): 2
(14,6): 1
(14,9): 3
(14,10): 2
(14,15): 1
(14,16): 1
(14,18): 2
(14,20): 2
(15,3): 1
(15,5): 1
(15,6): 1
(15,11): 1
(15,12): 1
(15,13): 1
(15,17): 1
(15,18): 1
(15,20): 3
(16,2): 1
(16,5): 1
(16,9): 1
(16,10): 1
(16,15): 1
(16,16): 2
(16,17): 1
(16,19): 3
(16,20): 2
(17,1): 1
(17,2): 1
(17,4): 1
(17,5): 1
(17,6): 1
(17,12): 1
(17,13): 1
(17,18): 1
(17,19): 1
(17,20): 1
(18,1): 1
(18,2): 1
(18,4): 1
(18,7): 2
(18,9): 1
(18,11): 1
(18,15): 1
(18,17): 1
(18,18): 2
(18,20): 3
(19,1): 2
(19,8): 2
(19,10): 2
(19,16): 2
(19,17): 2
(19,19): 2
(19,20): 2
(20,1): 7
(20,2): 1
(20,3): 1
(20,5): 1
(20,10): 2
(20,11): 2
(20,12): 4
(20,13): 1
(20,14): 2
(20,15): 1
(20,16): 2
(20,17): 1
(20,18): 1
(20,19): 2
(20,20): 8
