====================================
2017-12-01 16:09
Captain's score: 3
Captain - matches won: [1, 2, 3]
AI's score: 1
AI - matches won: [4]
Total shots by AI:
(3,15): 1
(11,6): 1
(17,10): 1
(17,17): 1
Total boats placed:
(5,5): 1
(5,7): 1
(6,11): 1
(16,5): 1
(16,12): 1
(17,17): 1
====================================
2017-12-01 16:14
Captain's score: 27
Captain - matches won: [1, 2, 3, 4, 5, 6, 7, 8, 9, 10, 11, 12, 13, 14, 15, 16, 17, 18, 19, 20, 21, 22, 23, 24, 25, 26, 27]
AI's score: 1
AI - matches won: [28]
Total shots by AI:
(1,3): 1
(3,14): 1
(4,7): 1
(4,8): 2
(4,16): 1
(4,17): 1
(5,7): 1
(5,9): 1
(5,14): 1
(7,2): 1
(7,18): 1
(7,20): 1
(9,16): 1
(11,19): 1
(12,19): 1
(13,4): 1
(15,7): 1
(16,6): 1
(16,12): 1
(16,19): 1
(17,7): 1
(17,10): 1
(17,14): 1
(18,9): 1
(19,9): 1
(19,16): 1
(20,15): 1
Total boats placed:
(1,4): 2
(1,6): 1
(1,7): 1
(1,10): 1
(1,11): 2
(1,13): 1
(1,19): 1
(2,1): 1
(2,2): 2
(2,4): 1
(2,5): 3
(2,6): 2
(2,7): 2
(2,8): 1
(2,9): 4
(2,10): 1
(2,13): 1
(2,14): 2
(2,15): 5
(2,16): 2
(2,17): 3
(2,20): 1
(3,2): 2
(3,3): 4
(3,4): 1
(3,5): 1
(3,6): 2
(3,7): 1
(3,8): 1
(3,9): 1
(3,10): 1
(3,11): 2
(3,12): 2
(3,13): 1
(3,14): 1
(3,15): 2
(3,16): 2
(3,17): 1
(3,18): 4
(3,19): 3
(3,20): 1
(4,2): 4
(4,3): 3
(4,4): 2
(4,5): 1
(4,7): 2
(4,8): 3
(4,10): 1
(4,11): 2
(4,14): 4
(4,15): 3
(4,16): 3
(4,17): 2
(4,18): 6
(5,1): 1
(5,2): 3
(5,4): 1
(5,5): 1
(5,6): 1
(5,7): 1
(5,8): 1
(5,9): 1
(5,11): 1
(5,13): 1
(5,14): 3
(5,15): 1
(5,17): 4
(5,18): 3
(5,19): 4
(6,2): 2
(6,4): 1
(6,5): 1
(6,7): 1
(6,11): 1
(6,12): 3
(6,13): 1
(6,16): 2
(6,18): 2
(6,20): 3
(7,1): 1
(7,2): 2
(7,3): 1
(7,5): 1
(7,6): 1
(7,13): 1
(7,15): 1
(7,16): 2
(7,17): 2
(7,18): 1
(7,19): 2
(7,20): 1
(8,2): 1
(8,3): 3
(8,4): 1
(8,15): 1
(8,18): 1
(8,19): 3
(8,20): 2
(9,1): 1
(9,2): 1
(9,3): 2
(9,5): 2
(9,6): 1
(9,15): 1
(9,16): 2
(9,17): 1
(9,19): 2
(9,20): 1
(10,1): 1
(10,3): 1
(10,4): 1
(10,16): 2
(10,18): 3
(10,19): 1
(11,2): 3
(11,3): 1
(11,18): 3
(11,19): 2
(11,20): 2
(12,2): 2
(12,3): 2
(12,5): 1
(12,18): 1
(12,19): 3
(13,2): 2
(13,3): 1
(13,4): 1
(13,16): 1
(13,17): 1
(13,19): 2
(14,1): 3
(14,2): 2
(14,4): 2
(14,18): 1
(14,19): 1
(14,20): 2
(15,2): 2
(15,3): 1
(15,4): 1
(15,5): 1
(15,7): 2
(15,10): 2
(15,14): 1
(15,16): 1
(15,18): 2
(15,19): 2
(16,1): 1
(16,2): 2
(16,3): 2
(16,5): 1
(16,6): 2
(16,7): 2
(16,10): 1
(16,12): 2
(16,14): 1
(16,15): 1
(16,16): 1
(16,17): 2
(16,18): 1
(16,19): 4
(17,2): 2
(17,3): 2
(17,5): 2
(17,7): 1
(17,9): 1
(17,10): 2
(17,13): 1
(17,14): 1
(17,15): 1
(17,17): 2
(17,18): 3
(17,20): 1
(18,2): 2
(18,3): 4
(18,4): 2
(18,6): 1
(18,8): 2
(18,9): 2
(18,10): 2
(18,11): 2
(18,12): 1
(18,13): 2
(18,14): 3
(18,15): 3
(18,16): 2
(18,17): 2
(18,18): 1
(18,19): 1
(18,20): 1
(19,2): 1
(19,3): 2
(19,4): 4
(19,5): 2
(19,6): 2
(19,7): 3
(19,8): 2
(19,9): 3
(19,10): 4
(19,12): 1
(19,14): 1
(19,16): 2
(19,17): 2
(19,18): 2
(19,20): 2
(20,1): 2
(20,4): 1
(20,8): 1
(20,10): 2
(20,11): 1
(20,13): 1
(20,14): 2
(20,15): 1
(20,19): 1
====================================
2017-12-01 16:18
Captain's score: 19
Captain - matches won: [1, 2, 3, 4, 5, 6, 7, 8, 9, 10, 11, 12, 13, 14, 15, 16, 17, 18, 19]
AI's score: 1
AI - matches won: [20]
Total shots by AI:
(2,3): 1
(2,6): 2
(2,8): 1
(3,10): 1
(4,1): 1
(4,2): 1
(4,5): 1
(4,10): 1
(6,6): 1
(6,17): 1
(7,17): 1
(10,19): 1
(12,7): 1
(12,12): 1
(12,14): 1
(14,2): 1
(15,4): 1
(18,14): 1
(19,19): 1
Total boats placed:
(1,1): 3
(2,2): 3
(2,3): 2
(2,6): 2
(2,7): 1
(2,8): 1
(2,11): 1
(2,12): 2
(2,13): 1
(2,15): 1
(2,17): 1
(3,3): 4
(3,4): 2
(3,5): 2
(3,7): 1
(3,8): 2
(3,10): 2
(3,13): 2
(3,16): 2
(3,18): 1
(4,2): 3
(4,4): 4
(4,5): 2
(4,10): 1
(4,16): 2
(5,1): 1
(5,2): 1
(5,3): 1
(5,5): 4
(5,11): 1
(5,17): 1
(5,19): 1
(6,4): 1
(6,6): 6
(6,15): 1
(6,17): 1
(6,18): 1
(7,1): 1
(7,7): 5
(7,17): 1
(7,19): 1
(8,1): 1
(8,2): 1
(8,3): 1
(8,7): 1
(8,8): 5
(9,6): 1
(9,9): 5
(9,18): 1
(10,10): 5
(10,14): 1
(10,17): 1
(10,18): 1
(10,19): 1
(11,1): 1
(11,9): 1
(11,11): 5
(11,19): 1
(12,2): 2
(12,12): 5
(13,2): 1
(13,13): 5
(13,15): 1
(14,2): 2
(14,12): 1
(14,13): 1
(14,14): 5
(14,15): 1
(14,17): 2
(14,19): 1
(15,4): 1
(15,9): 1
(15,15): 5
(16,3): 1
(16,4): 2
(16,5): 1
(16,8): 1
(16,13): 2
(16,14): 1
(16,16): 3
(16,17): 1
(17,6): 2
(17,9): 1
(17,17): 3
(17,18): 1
(17,19): 1
(17,20): 1
(18,3): 1
(18,9): 1
(18,12): 1
(18,14): 1
(18,15): 2
(18,17): 1
(18,18): 5
(18,19): 1
(19,1): 1
(19,4): 1
(19,5): 1
(19,9): 1
(19,11): 1
(19,12): 1
(19,14): 1
(19,19): 4
(20,20): 2
====================================
2017-12-01 16:20
Captain's score: 8
Captain - matches won: [1, 2, 3, 4, 5, 6, 7, 8]
AI's score: 0
AI - matches won: []
Total shots by AI:
(1,1): 1
(3,3): 1
(4,4): 1
(12,10): 1
(16,5): 1
(16,15): 1
(18,18): 1
(20,1): 1
Total boats placed:
(1,1): 1
(2,2): 1
(2,19): 1
(3,3): 1
(3,4): 1
(3,18): 1
(4,4): 1
(4,17): 1
(5,4): 1
(5,5): 1
(5,16): 1
(6,10): 1
(7,4): 1
(7,5): 1
(7,14): 1
(8,17): 1
(9,9): 1
(9,13): 1
(11,8): 1
(11,10): 1
(11,15): 1
(12,11): 1
(12,14): 1
(13,10): 1
(14,6): 1
(14,13): 1
(16,4): 1
(16,5): 1
(16,16): 1
(17,4): 1
(17,17): 1
(18,3): 1
(18,18): 1
(19,2): 1
(20,1): 2
